Coordenada x de la abeja, coordenada y de la abeja, coordenada z de la abeja
-75.53911555,6.34280872815,1316.27
-75.5420425934,6.33408723696,1349.60
-75.5763519766,6.34290439707,1313.47
-75.5190507012,6.35269214187,1377.76
-75.5723774916,6.31248680629,1329.27
-75.5493627705,6.34401571973,1369.75
-75.5589911679,6.31387326962,1384.03
-75.5495038394,6.33585435987,1332.21
-75.549053839,6.33540435942,1312.21
-75.5759019762,6.34245439662,1293.47
-75.53911555,6.34280872815,1816.30
-75.53911555,6.34280872815,1816.35
-75.53911555,6.34280872815,1816.40
-75.5420705792,6.34640500405,1387.72
-75.5403227798,6.33619004057,1385.65
-75.5682985038,6.3314177427,1381.96
-75.5426411397,6.33900604886,1328.50
-75.548390475,6.33657240756,1379.10
-75.5436278778,6.32739619964,1325.94
-75.5409546479,6.34235031384,1356.78
-75.5663978395,6.34047322509,1311.09
-75.5533421588,6.33906512825,1389.46
-75.5574123718,6.3329779,1329.23
-75.5480089924,6.34705661354,1352.48
-75.5627566702,6.33802763134,1384.94
-75.5658552015,6.32877979926,1329.74
-75.5411051819,6.34204027106,1320.48
-75.5532082694,6.33908406869,1344.81
-75.5603151347,6.34305411751,1320.39
-75.5445611362,6.33715404536,1325.06
-75.5606613706,6.33757908297,1372.38
-75.5698428893,6.33729960568,1387.67
-75.5460611363,6.3437433625,1364.38
-75.5689226744,6.33119434986,1367.95
-75.5619829217,6.3458749302,1373.15
-75.5447617507,6.33114676514,1319.48
-75.5696360641,6.34079706765,1367.31
-75.5554351474,6.33287890681,1331.37
-75.548034838,6.33706369051,1317.73
-75.5511465991,6.32926774142,1373.69
-75.5492613062,6.32803507181,1366.72
-75.5680390742,6.34266480935,1389.58
-75.5614210774,6.33306317602,1337.18
-75.5662697002,6.34753310246,1357.23
-75.5625351127,6.34180553031,1352.37
-75.5470086148,6.33506433261,1339.96
-75.5682617426,6.33894673782,1330.74
-75.5533197124,6.33081773302,1355.92
-75.5503799573,6.33752528088,1314.69
-75.5498468649,6.33895938289,1386.22
-75.557024578,6.33644130826,1313.39
-75.5679912903,6.33130824226,1373.26
-75.5677465653,6.34672282196,1361.17
-75.5696989981,6.32853912575,1386.05
-75.5512848662,6.33388670848,1311.28
-75.5601408633,6.32866166188,1344.41
-75.5424827204,6.34306187834,1339.82
-75.5553174875,6.34446290301,1337.49
-75.5499870212,6.34031188277,1333.45
-75.5481851476,6.33139193876,1348.28
-75.5436776069,6.33995993049,1348.24
-75.5529868148,6.34167503299,1314.50
-75.5647870226,6.34225336247,1324.74
-75.5661516499,6.33603106788,1384.99
-75.5624385921,6.33738692075,1344.32
-75.5520085445,6.34751703959,1355.08
-75.5483894658,6.34665093553,1311.77
-75.5420001707,6.33055134556,1314.77
-75.5581642581,6.34627053717,1341.49
-75.5683339185,6.32941318429,1352.11
-75.5661897755,6.33372356402,1355.99
-75.5546464314,6.34079728086,1319.27
-75.5431803174,6.34715720146,1342.83
-75.5512956162,6.32753710373,1330.37
-75.5479416155,6.32974659718,1335.65
-75.5636707129,6.34298180511,1360.84
-75.5496600847,6.34472088584,1318.86
-75.5533147806,6.33544900569,1326.12
-75.5521684089,6.33492210469,1371.80
-75.543787198,6.34445515202,1384.49
-75.56152519,6.3469620385,1330.09
-75.5650381119,6.33538443623,1318.09
-75.56284394,6.32728118272,1330.73
-75.5652257387,6.3347381925,1364.08
-75.54463821,6.34737187324,1348.48
-75.5501359825,6.33322636404,1310.40
-75.5517075522,6.34355652855,1343.31
-75.5401608959,6.33105924262,1338.38
-75.5419817398,6.33045531994,1328.81
-75.5456572383,6.331783201,1377.22
-75.5641608913,6.34141053701,1366.26
-75.5618766259,6.3355807165,1377.50
-75.5474140953,6.33916038353,1311.32
-75.5594771967,6.34483289122,1362.58
-75.5510304523,6.34531509857,1359.84
-75.5632268103,6.33518316473,1319.03
-75.5541408849,6.33337609449,1331.90
-75.5442722681,6.3393490255,1318.80
-75.561251936,6.32776179734,1382.10
-75.5657465452,6.33497316832,1321.23
-75.5672264886,6.33864882779,1337.26
-75.5654669804,6.3299901677,1382.58
-75.5512559771,6.33340170849,1317.54
-75.5538385838,6.34604806844,1330.75
-75.5668159738,6.33664418946,1323.05
-75.5524484576,6.34475968376,1370.09
-75.5453353307,6.34344044533,1360.32
-75.5696124861,6.33032698107,1325.16
-75.5500554382,6.34253238508,1315.92
-75.569295577,6.33138438511,1335.52
-75.5408652601,6.33948199104,1383.11
-75.5640462338,6.32768216624,1370.16
-75.5418976855,6.34008753683,1384.18
-75.5568850206,6.34650339129,1385.53
-75.5436014398,6.34600077559,1358.69
-75.5664829131,6.3369210449,1338.76
-75.549713352,6.34087366245,1345.45
-75.5555731648,6.34308932016,1334.42
-75.5697738112,6.32816633161,1317.32
-75.569459759,6.3403391653,1365.80
-75.5456005491,6.3413328521,1366.34
-75.5650024906,6.33101149278,1327.62
-75.5528568655,6.32868414286,1359.74
-75.5514991424,6.33585803528,1373.98
-75.5598845375,6.33439500677,1345.09
-75.5541519396,6.34491193345,1351.66
-75.5488045791,6.34597327434,1354.45
-75.5535669491,6.33334484212,1317.75
-75.549495587,6.33551538029,1361.42
-75.56303287,6.32830513148,1363.49
-75.568964966,6.33165854032,1322.16
-75.5610866323,6.34049458361,1355.45
-75.564058623,6.32891233526,1335.49
-75.5447704738,6.32744631738,1315.76
-75.568716958,6.34799142191,1347.67
-75.5526640487,6.33825926146,1357.83
-75.5462786065,6.33842152532,1323.36
-75.5439770326,6.33092461907,1340.52
-75.5418428717,6.3452833297,1366.21
-75.569740373,6.33498649338,1361.69
-75.5539380987,6.33671317573,1369.83
-75.5544223874,6.33635375549,1311.86
-75.5426479822,6.32973818634,1361.92
-75.5666922035,6.34380047795,1329.70
-75.5660949495,6.33373722298,1343.89
-75.5647946648,6.33498613671,1340.68
-75.5613202193,6.33382321344,1338.05
-75.5694044141,6.33036843961,1317.09
-75.5532588528,6.34077830524,1374.87
-75.5414611778,6.3325297833,1383.12
-75.5431967843,6.33985410521,1330.02
-75.5665560886,6.34713383334,1359.72
-75.5511942517,6.33335043607,1339.05
-75.5627730942,6.33377988317,1344.33
-75.5667153147,6.34417538599,1352.78
-75.5607054718,6.34130043317,1334.06
-75.5421543389,6.33497886416,1343.69
-75.5645122504,6.3392127581,1344.48
-75.5650808079,6.34100486631,1386.42
-75.5574331679,6.34043456371,1388.43
-75.5548635667,6.33277727664,1345.88
-75.5463198527,6.34536742989,1370.60
-75.5530362601,6.33235164745,1348.85
-75.554815243,6.33928149546,1385.19
-75.5430094757,6.33124268745,1375.33
-75.5502227551,6.34302630431,1312.95
-75.5417040448,6.33754834807,1327.80
-75.549737512,6.33745456185,1350.49
-75.5642407966,6.33958615092,1315.50
-75.5473245945,6.33120630618,1368.14
-75.5499220066,6.32761393565,1346.88
-75.5597255024,6.33603449724,1379.03
-75.5511403947,6.34627210965,1343.65
-75.5452098692,6.34120033588,1310.60
-75.5686153141,6.34753573586,1337.84
-75.5464885868,6.34109028144,1385.76
-75.5596127504,6.3299431882,1374.90
-75.5480146804,6.33445006977,1370.36
-75.5418603828,6.33298188967,1340.41
-75.5676146354,6.34430457275,1310.24
-75.5439332554,6.32875068249,1350.44
-75.541580674,6.33221642295,1375.77
-75.5551988178,6.34383664774,1358.83
-75.5499985876,6.3312101131,1332.89
-75.5625038437,6.33199464413,1329.87
-75.5513753862,6.34406668257,1310.94
-75.5503717478,6.34315665477,1349.98
-75.5698920987,6.34157044176,1330.60
-75.5508947316,6.33925191063,1368.97
-75.5417324907,6.34468660965,1371.63
-75.55516848,6.33201121976,1326.94
-75.5679685626,6.3287525126,1342.67
-75.5531095826,6.34128680766,1351.63
-75.5525033503,6.3433335381,1324.11
-75.5607795411,6.34782361544,1362.56
-75.5403658517,6.32854225977,1353.93
-75.5503492151,6.347816613,1328.23
-75.5464491369,6.34280164468,1372.56
-75.5647719723,6.34148791163,1346.00
-75.547699789,6.34270303413,1383.32
-75.5582304745,6.34594840295,1357.16
-75.5585497005,6.32829800783,1363.94
-75.5627836252,6.3448613051,1326.84
-75.5415736433,6.3446734173,1358.06
-75.5476225469,6.34029958018,1329.31
-75.55541785,6.33600596602,1310.05
-75.5453400273,6.3389523283,1312.28
-75.553283073,6.33527672795,1371.68
-75.5403402287,6.33632425366,1334.38
-75.5594960018,6.33560239499,1375.10
-75.5421878452,6.32921881057,1311.58
-75.5453124214,6.34466718188,1313.09
-75.5413109506,6.33427096086,1363.45
-75.5476633178,6.34229580077,1365.35
-75.5618122425,6.3432065473,1324.10
-75.555886791,6.3316106573,1369.62
-75.5481144329,6.34523747503,1360.97
-75.5509153463,6.34202760742,1350.13
-75.5584433957,6.34592359908,1351.89
-75.565115074,6.32935898396,1374.56
-75.5699721719,6.34225442234,1318.33
-75.5461655473,6.33076390568,1339.72
-75.5401733899,6.33021012815,1322.11
-75.5680893111,6.34251376299,1357.74
-75.5686925533,6.32873029557,1322.38
-75.5667772622,6.34498759031,1317.79
-75.5554427317,6.33104234322,1335.37
-75.5684529226,6.34389506317,1383.54
-75.5539203362,6.32749517976,1329.74
-75.5436161161,6.33837699522,1355.58
-75.5473421428,6.33717456488,1358.79
-75.5520257945,6.33372519075,1327.70
-75.5406297295,6.34220014364,1330.68
-75.56919988,6.33246881079,1358.72
-75.5569920007,6.33171523435,1367.31
-75.562390059,6.34675335797,1331.42
-75.5523291692,6.33260349207,1330.11
-75.5497198376,6.34704276217,1383.24
-75.547192579,6.33846481316,1385.13
-75.5606513029,6.33152471318,1388.81
-75.541782001,6.34407190199,1356.29
-75.5486606309,6.34183634196,1319.17
-75.5682396308,6.33592404933,1377.51
-75.5477240048,6.32793936315,1373.89
-75.5534544059,6.33316902652,1357.50
-75.5436295347,6.3474231791,1322.78
-75.5491500979,6.32984616193,1373.04
-75.5482631146,6.34356037451,1317.47
-75.5402060325,6.33794056922,1373.39
-75.5523833845,6.32944649688,1333.84
-75.5473898884,6.34462798616,1362.66
-75.5488068961,6.33427553604,1330.88
-75.5527230411,6.34283447562,1344.78
-75.5627911716,6.3283563335,1350.69
-75.5656627032,6.34329744249,1323.89
-75.542146411,6.33346848098,1317.57
-75.5474727197,6.3273270527,1370.61
-75.5485361632,6.34588316421,1326.32
-75.5413468437,6.33621498984,1334.49
-75.5451541077,6.33662703208,1381.42
-75.561447438,6.3346231622,1365.51
-75.5546521544,6.33221752552,1335.30
-75.5424858021,6.33058607402,1365.28
-75.5516595441,6.33169121042,1345.87
-75.5588102086,6.34443382556,1378.91
-75.5413895454,6.32730369738,1315.35
-75.5473367928,6.34432736008,1378.18
-75.5657624649,6.3377029446,1311.50
-75.550820185,6.33908062628,1377.49
-75.5470388378,6.32954918992,1379.29
-75.5677208249,6.34542117153,1357.97
-75.5559952329,6.34607230151,1381.80
-75.5523399879,6.33576781696,1327.50
-75.5465449187,6.33459959902,1339.78
-75.5621074054,6.34116686629,1338.85
-75.5476271021,6.3335082311,1387.21
-75.5630656763,6.33720008444,1351.08
-75.5639720025,6.34221398366,1317.21
-75.5592423816,6.33139532206,1313.07
-75.5477089358,6.33719060726,1388.86
-75.5490826893,6.33825427711,1316.98
-75.5664214933,6.32947557261,1313.88
-75.5485386147,6.34230908566,1362.16
-75.5564475236,6.33130176938,1377.39
-75.5468722496,6.33834732918,1371.13
-75.5416098307,6.33376191319,1364.22
-75.547985196,6.32819598053,1355.45
-75.5401384247,6.34421227748,1340.23
-75.5650871162,6.33717111143,1380.06
-75.5457184899,6.34709218357,1377.87
-75.5686758976,6.33234904389,1384.02
-75.5583065132,6.34037893622,1321.41
-75.5469917056,6.34675953879,1382.17
-75.5650375358,6.32891840265,1358.38
-75.5402096192,6.34029719271,1334.47
-75.5523542876,6.34756141766,1310.33
-75.5520758746,6.33813303999,1371.90
-75.5689668291,6.34771907087,1370.19
-75.5641180301,6.34396693669,1350.48
-75.5674743361,6.34042280719,1377.35
-75.5613900809,6.33027674967,1363.39
-75.547918521,6.33589407672,1330.47
-75.558991211,6.33028134131,1353.07
-75.5582064361,6.33277965331,1349.45
-75.564416188,6.33455975062,1374.37
-75.5440003414,6.34573210639,1379.86
-75.5685976814,6.33965899362,1346.95
-75.5664529803,6.33183750555,1349.96
-75.5577579787,6.33410990258,1327.62
-75.5497319563,6.34731054641,1359.08
-75.5512117209,6.34352169019,1341.64
-75.5634283851,6.32958299231,1357.94
-75.5608814819,6.3324768499,1343.81
-75.5625256025,6.32788365891,1325.88
-75.5436352931,6.34597902702,1313.90
-75.540458491,6.34778293689,1361.19
-75.5541806272,6.33514917315,1369.78
-75.5403622624,6.3335812268,1329.05
-75.540852139,6.33834401808,1337.03
-75.5432512236,6.32850488709,1382.59
-75.5676457335,6.34712485356,1373.66
-75.5556621206,6.34042185827,1348.46
-75.5414971168,6.34476171509,1348.07
-75.5524480693,6.33949169939,1320.61
-75.567227232,6.34263628336,1376.47
-75.5410811028,6.34204336139,1323.42
-75.5649924133,6.33617064905,1344.47
-75.5641578733,6.33834550964,1347.53
-75.5678218806,6.32744591335,1317.60
-75.5506135152,6.34552977306,1339.21
-75.5589661455,6.34511846698,1375.86
-75.5420811857,6.34661176582,1361.51
-75.5515698251,6.34385581181,1362.84
-75.5629269197,6.32726171237,1340.56
-75.550116445,6.32813511888,1381.54
-75.5600139744,6.34284695924,1311.67
-75.5674735727,6.33161418801,1324.27
-75.5558530015,6.3310543916,1357.31
-75.5453000715,6.32718005829,1368.47
-75.5574957825,6.32823967299,1342.72
-75.5578363467,6.34310600219,1382.32
-75.5644879114,6.34616925202,1374.81
-75.5501819256,6.32871758321,1353.26
-75.5538037801,6.32796476705,1342.88
-75.5640770524,6.33347750826,1355.07
-75.5608872068,6.33765958933,1376.55
-75.5562821423,6.3429281879,1368.98
-75.5655589361,6.3404403254,1365.07
-75.5405521953,6.34257038384,1355.95
-75.5528470311,6.3397178334,1388.37
-75.5521566479,6.34363346784,1310.83
-75.5687326471,6.34013179205,1317.81
-75.5563511554,6.33568116723,1317.36
-75.5420750726,6.34217521582,1352.52
-75.5581666576,6.33023403659,1367.47
-75.5698206181,6.34639764656,1341.32
-75.5431927034,6.333670162,1344.33
-75.5611535298,6.32927089751,1357.80
-75.5625796563,6.34311387087,1357.36
-75.5499532042,6.34692728151,1378.37
-75.5567314168,6.33781043429,1364.81
-75.5452164838,6.34314438565,1384.82
-75.5649146202,6.34188250718,1373.85
-75.5679008701,6.32757029213,1380.82
-75.5589968065,6.33580402979,1364.45
-75.5570470413,6.329309411,1374.86
-75.5428418268,6.33073952622,1323.71
-75.5554603998,6.33152347183,1336.43
-75.5403076726,6.34017438495,1374.94
-75.5692845429,6.33173878818,1350.07
-75.5672005033,6.34175627338,1331.83
-75.5572533815,6.34247937881,1337.76
-75.5644393332,6.33122233555,1319.20
-75.5510198285,6.3335596338,1385.83
-75.5686531652,6.33966834543,1337.95
-75.5631650473,6.34413538788,1311.41
-75.5557485369,6.34104134195,1380.55
-75.5619850253,6.32976414258,1384.14
-75.5411783776,6.33845246041,1348.62
-75.5443156313,6.33880389982,1375.90
-75.5585186159,6.3378710568,1385.38
-75.5645330759,6.32992939001,1377.20
-75.5609089844,6.34128375102,1334.31
-75.5556911041,6.34776970085,1387.71
-75.5544104887,6.33786729016,1340.03
-75.5588603241,6.33807899694,1369.22
-75.560253099,6.32856715852,1324.42
-75.5598484646,6.34736430556,1350.43
-75.5692143904,6.3328724567,1348.71
-75.5608416345,6.33042356106,1337.41
-75.5513296258,6.34792746181,1323.21
-75.5643882432,6.33831826778,1381.45
-75.5408403147,6.32820517844,1315.29
-75.5535403378,6.34107540752,1328.89
-75.5618873661,6.34796224563,1357.24
-75.5458943739,6.32825259664,1338.65
-75.5442610884,6.33218225105,1329.26
-75.5698797097,6.33925351796,1312.48
-75.5601188716,6.33220710536,1314.16
-75.5517191179,6.32983996682,1370.75
-75.5415995608,6.33421477147,1373.28
-75.5416309041,6.32913946719,1325.02
-75.5683754694,6.3377206048,1372.33
-75.5614673629,6.33606748062,1379.82
-75.5599189994,6.32883191061,1331.65
-75.542099583,6.33158014393,1317.52
-75.558516348,6.32854607838,1347.82
-75.5695274706,6.33349589177,1310.15
-75.5435348944,6.34783008883,1379.43
-75.5588593318,6.34327061356,1385.43
-75.5499346015,6.33719939882,1360.90
-75.5672148148,6.32894176072,1357.34
-75.5606528551,6.33129044021,1317.93
-75.5466882364,6.33454948592,1354.95
-75.5435060411,6.33042015491,1321.45
-75.5602649371,6.33798684918,1362.03
-75.5458213885,6.33473114873,1343.15
-75.5649609151,6.33149762202,1369.28
-75.5488099026,6.33862070981,1327.15
-75.5544788229,6.3342702578,1383.91
-75.5697305171,6.33811306791,1336.21
-75.5642891789,6.33534750674,1342.32
-75.5493975225,6.33979742464,1330.70
-75.5504936527,6.34195654234,1340.58
-75.560330556,6.33286323373,1325.61
-75.5652386214,6.3434394066,1327.43
-75.5669475362,6.33747482057,1364.04
-75.5620586595,6.33327778536,1345.61
-75.5657291538,6.33845515517,1351.57
-75.5544399178,6.33125281601,1376.80
-75.5489032697,6.34175403256,1337.66
-75.5587754317,6.34758976251,1381.61
-75.5551918496,6.33778509309,1362.98
-75.5436429185,6.32823222157,1328.92
-75.5623957035,6.34798036697,1357.97
-75.5510413041,6.32834303029,1355.19
-75.5579446422,6.34598524168,1374.00
-75.5598642119,6.33221500914,1371.82
-75.559100687,6.34372909454,1376.43
-75.5475789097,6.34051964159,1331.96
-75.5542572755,6.34247291058,1383.81
-75.5485575784,6.33128785843,1315.30
-75.5665431236,6.33980670628,1337.04
-75.5640920511,6.33237752587,1340.82
-75.5416964187,6.3396017403,1378.81
-75.5464590072,6.3434906382,1368.85
-75.5502899733,6.33272598557,1365.70
-75.5530770328,6.34152104225,1354.75
-75.5589634543,6.33913009275,1340.04
-75.5603005147,6.32747023039,1342.72
-75.5491573539,6.33890044278,1319.97
-75.5568408212,6.34033656665,1333.25
-75.5572103002,6.33111252345,1351.60
-75.5573196669,6.34700040776,1349.56
-75.5492727178,6.33881901276,1368.41
-75.5659390972,6.34122446928,1325.65
-75.567106474,6.34310567339,1353.99
-75.5521466964,6.33228887058,1328.51
-75.5538888977,6.34386073074,1340.91
-75.5687051354,6.33077262766,1352.70
-75.5577598006,6.33349792755,1316.97
-75.5469781169,6.33296588881,1379.15
-75.5621841429,6.33687470342,1358.00
-75.5689360395,6.33957998825,1316.42
-75.5640515305,6.34656099151,1323.07
-75.5583798331,6.32725984746,1336.46
-75.5692777994,6.33232789815,1362.83
-75.5551734083,6.33455191601,1353.37
-75.5616151332,6.33237927972,1368.46
-75.547479075,6.3332368159,1320.41
-75.5520804963,6.3456212434,1314.74
-75.5636898618,6.34367042924,1362.53
-75.563603813,6.3452998609,1383.93
-75.554452463,6.34202880077,1310.54
-75.5608990968,6.3373222907,1346.62
-75.5550027049,6.34015751197,1323.23
-75.5563239592,6.33041461986,1337.96
-75.5618554922,6.3375165418,1315.18
-75.5666512894,6.32999648227,1365.92
-75.5501801445,6.34427188298,1368.53
-75.5504478831,6.33082104565,1357.68
-75.5695893713,6.34023502119,1363.54
-75.5663069968,6.34085422895,1378.51
-75.5670014898,6.34544067666,1381.33
-75.5572954067,6.32848445406,1334.11
-75.5605571603,6.34536835686,1382.97
-75.5473986169,6.33134655455,1375.45
-75.5423157097,6.33367446657,1315.08
-75.5698551272,6.32789681288,1342.49
-75.5535381451,6.34654116691,1327.27
-75.5565189952,6.34080980047,1358.99
-75.5438993358,6.34638761684,1317.09
-75.5550861402,6.34638892175,1343.20
-75.5651263109,6.34541125638,1356.41
-75.5434145897,6.340505629,1320.78
-75.5453074242,6.3420752897,1336.46
-75.5468751973,6.33397922281,1339.32
-75.55810717,6.34310258188,1325.70
-75.5524079323,6.3331011193,1351.23
-75.5632024611,6.33713850183,1314.81
-75.561040608,6.32702512075,1318.59
-75.5503023082,6.33481777887,1347.32
-75.5534364659,6.34058310106,1380.96
-75.5440971204,6.33891149665,1352.91
-75.5544636585,6.34661422222,1387.91
-75.5646050687,6.34362031887,1382.34
-75.5679645143,6.34541025053,1329.42
-75.5537017907,6.34644685193,1318.70
-75.5459805091,6.32895914845,1326.27
-75.554162943,6.33447702502,1371.12
-75.5417045872,6.3295350669,1316.45
-75.5637433946,6.33327615618,1362.31
-75.5659076991,6.33559634878,1330.14
-75.5551021974,6.32907527026,1365.06
-75.5409813045,6.32738797233,1349.70
-75.5415872896,6.3350746161,1381.89
-75.5602593952,6.3293155876,1322.18
-75.5634963847,6.34629075633,1373.81
-75.5451472897,6.33147767013,1377.16
-75.5602189028,6.34320144312,1334.41
-75.5455435146,6.32752681934,1335.62
-75.5577458944,6.3443225388,1338.24
-75.546023707,6.33794695683,1376.45
-75.5643603998,6.34629329114,1347.25
-75.5594763692,6.33091176425,1388.57
-75.5657669812,6.33086972377,1340.54
-75.546154965,6.33774881127,1368.23
-75.5525679303,6.33707793976,1359.69
-75.5655682638,6.3277354221,1327.72
-75.54577265,6.34364245823,1381.34
-75.5648942281,6.34699388586,1389.25
-75.5582741842,6.34312625215,1361.48
-75.5429192372,6.33063119483,1380.58
-75.5589770491,6.33696410024,1333.10
-75.5558857972,6.33894172691,1318.12
-75.563069365,6.33605748646,1346.66
-75.5541518578,6.34503879647,1339.11
-75.5561859674,6.34551697879,1316.37
-75.5625998116,6.33295142374,1358.65
-75.5561223319,6.34073940604,1334.72
-75.547465515,6.33795515672,1372.11
-75.5624043568,6.3274830976,1311.00
-75.5549701322,6.33857213529,1321.44
-75.5692771354,6.34079983103,1365.07
-75.567174684,6.33822476485,1387.74
-75.5622278973,6.32711019344,1331.01
-75.5592614542,6.34696544103,1362.95
-75.5593381696,6.33960219613,1366.22
-75.5418508179,6.33304836454,1364.74
-75.5498200129,6.33492769516,1315.70
-75.5561571579,6.34216953994,1372.29
-75.5607729216,6.33400265828,1387.55
-75.5488954738,6.33085695191,1372.11
-75.5569565893,6.32876986975,1331.39
-75.5531925719,6.34649504832,1318.34
-75.553018275,6.34434638917,1323.93
-75.5604820523,6.33260442423,1384.60
-75.5431847982,6.32953242738,1338.85
-75.5495543127,6.34127446824,1343.12
-75.5645668026,6.34660466036,1362.37
-75.5599683713,6.33032484095,1367.36
-75.5692227978,6.34327637365,1357.08
-75.554578747,6.33359423671,1346.84
-75.5438668647,6.32826578489,1368.76
-75.5605828742,6.33787689063,1389.14
-75.542459895,6.33557218708,1359.08
-75.5614273281,6.32711698616,1343.94
-75.5558430747,6.34623018423,1388.58
-75.5656926614,6.3435163537,1317.86
-75.5437265472,6.32956070915,1330.43
-75.5449567203,6.34187556979,1376.26
-75.5565896325,6.33860984053,1327.66
-75.5570519425,6.34773713064,1343.76
-75.5578291243,6.33228377136,1378.51
-75.5465088437,6.34023157235,1323.97
-75.5406348751,6.34782660511,1387.19
-75.5581543107,6.34780803536,1386.76
-75.5418694252,6.33863033914,1364.90
-75.5460125429,6.32875284936,1366.37
-75.5628525098,6.33232655797,1346.17
-75.5537176081,6.33346748838,1375.33
-75.5618352973,6.32749546174,1374.18
-75.5531895914,6.34092355131,1341.28
-75.5646236892,6.32949875615,1314.59
-75.5665680294,6.3450831457,1314.55
-75.558090353,6.33820843465,1333.44
-75.5564891946,6.34026226682,1362.29
-75.552165482,6.32886668998,1330.53
-75.5560704995,6.34421767809,1361.19
-75.5423033835,6.34543481863,1325.06
-75.5627894626,6.33291156844,1363.78
-75.5577519976,6.33223653956,1332.01
-75.5410212541,6.33179465188,1387.37
-75.568543919,6.34098318419,1389.74
-75.5637454464,6.34330690281,1330.24
-75.5635978347,6.33246093583,1370.81
-75.5606155883,6.34177653886,1344.05
-75.5454908054,6.32937840559,1336.93
-75.5451653729,6.33458412966,1325.63
-75.5469513166,6.34191287506,1382.71
-75.5633999303,6.34186075526,1359.01
-75.5625405126,6.33298210757,1342.21
-75.5571796099,6.328102723,1322.95
-75.5688981227,6.33796725605,1310.15
-75.5495962829,6.3353138561,1360.48
-75.5474874874,6.34162543862,1353.38
-75.5667778191,6.34729447571,1331.67
-75.553170529,6.34562675895,1315.00
-75.5459344058,6.33150641357,1377.17
-75.5475150606,6.34401886516,1379.98
-75.5684305703,6.34763382087,1371.55
-75.5696266349,6.34478852426,1325.65
-75.5636245889,6.32945872672,1326.84
-75.5579807737,6.33698482568,1351.92
-75.5596090214,6.33945741048,1321.31
-75.5495000228,6.3366208888,1384.84
-75.5554429532,6.34657162384,1380.94
-75.5489716076,6.33519293843,1334.07
-75.5484130487,6.34547839222,1315.30
-75.5564509411,6.32983519255,1379.88
-75.5416352879,6.33104018011,1334.73
-75.5450258405,6.33325664795,1328.22
-75.5520316,6.33466450561,1328.08
-75.5624703093,6.32741535283,1364.33
-75.5468877247,6.32854937238,1311.50
-75.55303832,6.33044518035,1343.42
-75.5625734706,6.32818438164,1327.41
-75.5497494711,6.33430167189,1339.40
-75.54163854,6.33289785591,1347.48
-75.5513266481,6.34541131434,1348.79
-75.5656782139,6.32871508189,1327.24
-75.5539175079,6.3345602895,1330.30
-75.5683656123,6.3339564261,1356.19
-75.5609953847,6.32953857728,1343.20
-75.5580513952,6.34753105883,1332.30
-75.559119096,6.33096870838,1386.85
-75.547712694,6.33405632441,1326.76
-75.5650332321,6.33027253281,1359.61
-75.5547444423,6.34597326232,1366.57
-75.5683450439,6.33320837133,1379.82
-75.5414119339,6.33115750607,1384.63
-75.5503922839,6.34582560053,1382.52
-75.5569242752,6.32838891518,1349.24
-75.5507589733,6.34012751885,1338.28
-75.5466249538,6.33781667248,1334.22
-75.5561827,6.33397893182,1337.86
-75.5624669922,6.34537969988,1377.60
-75.542906941,6.33930660229,1332.58
-75.5683404408,6.3410910203,1359.93
-75.5529756083,6.3394966823,1320.60
-75.5530575028,6.3274907716,1387.88
-75.5473441555,6.33837968261,1344.66
-75.5645482564,6.32891512427,1323.17
-75.5687198508,6.33625228178,1382.00
-75.5668330175,6.33465069549,1327.03
-75.552268949,6.34642952427,1370.10
-75.5426949001,6.33023979526,1331.17
-75.5553216381,6.33107093027,1380.03
-75.5502290961,6.34796839553,1355.07
-75.5584000315,6.33898068325,1348.63
-75.5649175579,6.34607640123,1371.71
-75.5426596058,6.32812713841,1384.50
-75.5602545188,6.34091544899,1358.56
-75.5489663189,6.34199916519,1324.19
-75.5671655088,6.32962262247,1321.87
-75.5563581388,6.34675966273,1378.53
-75.555277899,6.34327249017,1379.28
-75.5489546356,6.3277792064,1363.61
-75.5464068728,6.34319758746,1379.53
-75.5658293741,6.34087045819,1335.40
-75.5457674383,6.33664997608,1317.72
-75.5607594099,6.34600114983,1369.59
-75.5520871414,6.33917590762,1343.37
-75.5565775742,6.33890594519,1387.45
-75.5669476698,6.33659539074,1350.94
-75.565332528,6.34188848568,1363.90
-75.5536027035,6.33712027249,1352.90
-75.5618782654,6.33321266379,1355.56
-75.5541503626,6.33944585834,1314.28
-75.5680929593,6.33080897977,1365.73
-75.5532183539,6.32794550683,1332.85
-75.5694893574,6.33479184035,1361.92
-75.5681863153,6.33824014432,1344.71
-75.5665824405,6.34778605953,1311.57
-75.5624328908,6.3432610139,1389.06
-75.5408745158,6.34089513926,1375.90
-75.5663800073,6.33144129508,1354.20
-75.5687152478,6.34200585587,1388.80
-75.5629013326,6.33200545263,1326.22
-75.5569248889,6.34088049685,1357.55
-75.5697838992,6.33797353832,1368.28
-75.557886619,6.34675536835,1378.85
-75.5571179822,6.33345513949,1343.05
-75.5592088302,6.33295860941,1326.45
-75.5588701162,6.33193693962,1359.53
-75.5535665468,6.34172805472,1317.72
-75.5633266465,6.34743355467,1352.03
-75.5483957755,6.33680905036,1349.14
-75.5675685571,6.33316233307,1341.93
-75.5688102191,6.34470263881,1350.06
-75.5418557917,6.33761908962,1387.13
-75.5606154471,6.33824908604,1339.89
-75.5603191177,6.32832256977,1322.97
-75.5411300636,6.33346508008,1358.88
-75.5604804905,6.34451022356,1355.34
-75.5590276564,6.34168840317,1347.82
-75.5548795187,6.34226295036,1321.96
-75.5484188688,6.34120415962,1386.58
-75.5470802016,6.34249123929,1358.12
-75.5600380036,6.3319590429,1327.94
-75.5425115435,6.32767213778,1324.96
-75.5466327283,6.33004624178,1335.23
-75.545257977,6.33025319172,1387.57
-75.5521226062,6.33869055542,1358.87
-75.555362791,6.33950936992,1380.61
-75.5422088469,6.3381252507,1350.51
-75.5546475057,6.34567812784,1389.30
-75.5615737959,6.33616399737,1342.97
-75.5608214282,6.34603315486,1328.54
-75.5521950651,6.33092827902,1337.63
-75.5587237112,6.34685234088,1337.26
-75.5474554622,6.33167012376,1361.00
-75.5630541211,6.32761078819,1375.42
-75.5611823407,6.34556210172,1356.02
-75.5548392777,6.3429104,1351.15
-75.5624992566,6.34058792211,1332.57
-75.5648909574,6.34721148777,1378.75
-75.5560604648,6.34274882143,1343.25
-75.5624337799,6.34437975234,1313.37
-75.5670469905,6.34040351971,1312.86
-75.5512662414,6.34168447781,1312.04
-75.5659135837,6.33803920329,1323.30
-75.5468729746,6.34797435112,1379.26
-75.5501196962,6.32914200552,1354.27
-75.553496465,6.34359322812,1313.18
-75.5577345843,6.34101203361,1352.97
-75.5474667944,6.33140141302,1354.30
-75.5652324104,6.3424192898,1373.52
-75.5454716377,6.34478419609,1320.88
-75.554615634,6.33503270284,1338.82
-75.5496091688,6.34447402435,1325.12
-75.5669751929,6.34709421973,1349.88
-75.5553376233,6.34508492287,1371.74
-75.558621734,6.33351451181,1355.02
-75.5509122653,6.34488908456,1356.89
-75.5581042376,6.33164886211,1360.46
-75.5446809378,6.34116822968,1332.32
-75.5566808051,6.34279911456,1349.38
-75.5622194271,6.34468993273,1384.83
-75.5525195173,6.32792998016,1382.07
-75.5605710426,6.34457367966,1357.27
-75.5589927769,6.3478871301,1336.50
-75.5550764106,6.34561778617,1333.11
-75.5689004157,6.33283648003,1345.89
-75.5639793094,6.33877073537,1323.46
-75.5626727568,6.33542006036,1362.90
-75.5564728757,6.335908478,1365.38
-75.559737858,6.32768658922,1348.93
-75.5660342476,6.332376386,1383.71
-75.5410834204,6.33513032644,1368.67
-75.5497956984,6.33103355279,1348.63
-75.5529145106,6.34119749967,1345.31
-75.5687117346,6.3337117348,1366.14
-75.54128112,6.33236478481,1384.09
-75.5515322022,6.33725352617,1375.73
-75.5613686331,6.33062029138,1325.87
-75.5592816104,6.33291920907,1323.94
-75.5432847739,6.33667646295,1316.90
-75.5661133486,6.34101184688,1316.58
-75.5403190605,6.33094975615,1374.16
-75.5673180368,6.3425260714,1310.64
-75.5448725988,6.34629403617,1383.34
-75.5467787731,6.32843067461,1310.46
-75.5447428448,6.34236174829,1361.87
-75.5558312487,6.32833792229,1359.73
-75.56122121,6.33985598317,1374.94
-75.5607726275,6.33063756174,1381.93
-75.5613720293,6.34301578063,1327.28
-75.5617016265,6.34220458525,1316.03
-75.54476475,6.34614852133,1333.31
-75.5681447107,6.33327918782,1354.56
-75.5409928621,6.32829616789,1364.72
-75.5408881081,6.34362204843,1327.95
-75.5632839269,6.33558859099,1383.83
-75.5443957172,6.32996397602,1334.95
-75.5681708857,6.33287285523,1379.51
-75.5648008237,6.33402954599,1350.94
-75.5694771655,6.34708761041,1354.00
-75.5699600272,6.3270872966,1342.40
-75.5501232232,6.33912053185,1364.46
-75.5514795823,6.33259950506,1370.35
-75.5494816752,6.33202740099,1334.47
-75.5627139478,6.32763284886,1348.19
-75.5456558734,6.33885526792,1360.58
-75.56807933,6.34407614527,1310.72
-75.5586364887,6.34724031203,1337.87
-75.5511095052,6.33802708105,1343.06
-75.5450885968,6.33017982545,1333.14
-75.5401059735,6.34138194176,1329.41
-75.5448143359,6.33478057314,1344.19
-75.5455028665,6.32757878167,1324.14
-75.5584025845,6.34541114417,1314.54
-75.5505532473,6.34166046308,1365.65
-75.5542783103,6.34150555068,1336.33
-75.5450217384,6.34310445415,1365.72
-75.5532668914,6.34076809215,1338.42
-75.5444363723,6.33140416361,1347.28
-75.5528336996,6.3424731995,1384.90
-75.5661881995,6.32830246152,1338.29
-75.5565443375,6.33180172291,1315.74
-75.5475161339,6.33423723311,1362.69
-75.566810923,6.32732074151,1343.69
-75.5457803371,6.33115422141,1351.19
-75.5541181761,6.33913003132,1355.51
-75.5409737661,6.34295767479,1328.68
-75.5463818906,6.33161815347,1338.74
-75.5669701744,6.33324098729,1380.80
-75.5588833542,6.34270611042,1355.97
-75.5502799103,6.33287908222,1322.46
-75.5528986577,6.34268722964,1327.11
-75.5586584823,6.34720435224,1379.30
-75.5450519108,6.33489400604,1326.20
-75.5452423353,6.34306622029,1355.06
-75.5420912,6.3426752516,1369.60
-75.5667580502,6.33536192553,1349.44
-75.5600005432,6.33247026764,1386.13
-75.5554466871,6.3312674791,1337.83
-75.5475821913,6.32720732678,1344.38
-75.5440368124,6.34025690063,1382.87
-75.5685093517,6.33808974405,1329.01
-75.566307139,6.33931888899,1364.59
-75.561822674,6.33358166191,1342.70
-75.5560772285,6.33143236919,1342.86
-75.5444416933,6.32977638627,1354.86
-75.5620100438,6.33106211076,1318.24
-75.567153462,6.33130351483,1335.05
-75.5668983909,6.3324021795,1335.18
-75.5560126579,6.32855574327,1320.98
-75.5546349588,6.34006534284,1353.44
-75.5650963018,6.343850013,1351.28
-75.556623412,6.33604110901,1364.67
-75.5536261709,6.34690987613,1374.06
-75.5599241239,6.33818876964,1327.64
-75.5664716656,6.33345161767,1336.10
-75.547685046,6.32809670107,1388.91
-75.5471603485,6.33578294652,1330.30
-75.5624345619,6.34184887859,1365.01
-75.5455295218,6.34312395447,1314.19
-75.548795915,6.3422419034,1329.92
-75.5491738648,6.33816076268,1361.70
-75.5584686977,6.34719413208,1334.27
-75.5595897816,6.33288728662,1336.52
-75.5511838543,6.34675466336,1316.94
-75.5605569426,6.33123575272,1345.92
-75.5607022656,6.34277321418,1346.02
-75.563989561,6.32994041857,1328.84
-75.5529765331,6.33953073549,1350.05
-75.5404518073,6.32989977073,1365.40
-75.556776181,6.33662959439,1381.08
-75.5452168712,6.33594354242,1362.29
-75.5495096526,6.3449193331,1365.89
-75.5675632709,6.33696265853,1315.52
-75.567837901,6.33225070846,1341.83
-75.5464850374,6.34552647912,1326.62
-75.5486919005,6.34419465256,1374.52
-75.5538265861,6.34443500257,1328.03
-75.5683196229,6.33901565045,1320.01
-75.545567427,6.33225874236,1386.24
-75.5408821716,6.33882292489,1356.08
-75.5439986142,6.34300659607,1334.62
-75.5440676898,6.33981951215,1378.40
-75.5513858276,6.3313355235,1343.18
-75.5564329289,6.33268136698,1330.60
-75.540000184,6.32777753342,1351.83
-75.5559058374,6.34329158043,1349.40
-75.5529944643,6.33983024995,1374.83
-75.5644748306,6.32820666305,1361.33
-75.5472935053,6.34704397044,1372.60
-75.5611703979,6.33486764731,1318.67
-75.5476489831,6.34355335258,1346.26
-75.5415305688,6.3429001619,1360.60
-75.5541150999,6.33373998671,1349.45
-75.5645086229,6.33749769931,1365.30
-75.5678895471,6.34176973704,1387.32
-75.5578181404,6.34398265611,1315.17
-75.5640679144,6.34663285612,1389.39
-75.5536151549,6.34652948786,1369.03
-75.5472308699,6.34716691376,1314.51
-75.5531590226,6.32983257312,1315.37
-75.5497088513,6.34526842392,1348.53
-75.5409496272,6.3312857243,1388.96
-75.5425608496,6.3443178734,1378.77
-75.5541346893,6.34148496981,1374.44
-75.5645644901,6.33286237533,1313.79
-75.5611784762,6.33303592388,1357.10
-75.5649487126,6.33095251722,1329.80
-75.5645032687,6.3373649896,1358.97
-75.5470719668,6.33001262505,1344.98
-75.5686978381,6.33261460928,1355.48
-75.5439561499,6.3296028045,1314.81
-75.5580515076,6.33622131136,1387.86
-75.5525319798,6.34055136042,1352.01
-75.5408561162,6.33173756293,1381.01
-75.5524883408,6.33810715411,1380.37
-75.5445048807,6.34408511452,1371.90
-75.5517093778,6.34185121878,1369.83
-75.5517495921,6.33443734419,1348.73
-75.545389317,6.33254661098,1336.63
-75.5648513561,6.33176963534,1340.24
-75.5609696513,6.33350289424,1369.34
-75.5619376046,6.3445076745,1358.35
-75.5549547085,6.33162848609,1338.65
-75.5617288849,6.33945188634,1379.02
-75.5647665622,6.34069322737,1330.86
-75.5627648184,6.33940284641,1341.91
-75.5423865307,6.33916933865,1349.47
-75.5623622333,6.34754544745,1359.09
-75.5607207135,6.32857032605,1382.65
-75.544279629,6.33495367838,1342.53
-75.5483414568,6.34579397417,1367.86
-75.5698493924,6.33155184256,1375.94
-75.5517065634,6.33460680603,1332.98
-75.5643611307,6.34765819993,1329.28
-75.5584801952,6.34463052478,1377.35
-75.5555136261,6.33258386656,1311.04
-75.54965957,6.3345417439,1310.41
-75.5580848451,6.33201524672,1346.89
-75.5575205366,6.33231941769,1386.30
-75.5513518671,6.33276428638,1326.05
-75.5690152177,6.33943051789,1314.28
-75.5678044539,6.32851262565,1369.07
-75.5638714861,6.33003812613,1368.12
-75.5561664918,6.34692739672,1329.93
-75.5579438578,6.34474459562,1358.79
-75.5605998038,6.33525556792,1317.80
-75.5462857585,6.33325643679,1342.80
-75.5653877186,6.33311098752,1330.42
-75.5532188599,6.33519481133,1326.37
-75.5491628193,6.34324871278,1380.91
-75.5552762894,6.3317106634,1383.71
-75.5426095417,6.33391438186,1376.89
-75.5543153011,6.33828438052,1368.37
-75.5687973234,6.33363637335,1316.29
-75.5449719548,6.33072392726,1375.71
-75.5662290956,6.32749927186,1379.28
-75.5626144259,6.33242988481,1326.08
-75.5547575967,6.33159615168,1381.33
-75.5597993867,6.3431301059,1315.24
-75.5637902655,6.34192370144,1353.19
-75.5533771015,6.3327349844,1351.69
-75.5637406982,6.34102630871,1327.15
-75.5516123988,6.34507303631,1326.53
-75.557269222,6.33041521733,1314.34
-75.5406252192,6.33617331527,1353.07
-75.5531036037,6.33922211661,1370.90
-75.5696467801,6.33047388183,1322.92
-75.5602025652,6.33551321195,1359.66
-75.5547788583,6.34530365858,1325.73
-75.5476515943,6.34371665601,1354.58
-75.559876045,6.34692459315,1345.05
-75.5470552277,6.33959167464,1346.80
-75.5573134893,6.32937671604,1366.32
-75.5504065915,6.32911361169,1341.38
-75.5470322663,6.3290335897,1369.06
-75.5408057898,6.34301326015,1355.31
-75.5556863566,6.34786039868,1316.00
-75.553971115,6.32775722147,1328.18
-75.5455574702,6.34693181297,1373.41
-75.559060076,6.33634644724,1361.01
-75.5483989797,6.33009093252,1360.86
-75.5417813924,6.32734905725,1355.38
-75.5512714074,6.34422143814,1358.57
-75.5540294185,6.33947012494,1323.76
-75.5440814359,6.33993649966,1317.50
-75.5575877835,6.33183294887,1356.52
-75.5470902538,6.33657689879,1310.46
-75.5588998204,6.33309218234,1350.58
-75.5428989827,6.33731774538,1332.03
-75.5479393957,6.3347624642,1349.01
-75.5570900953,6.33762513447,1386.86
-75.5653479785,6.33424723798,1337.44
-75.5636119012,6.33711523447,1378.51
-75.5490238616,6.33060341665,1359.20
-75.5464169749,6.34215781819,1312.77
-75.5538152438,6.33914499712,1348.48
-75.5594687656,6.34731836403,1323.09
-75.5528834479,6.33520335295,1386.80
-75.5419159645,6.3293926365,1345.42
-75.5507839106,6.33605547704,1352.56
-75.5624786571,6.34075416203,1310.12
-75.5425626793,6.33315141991,1331.87
-75.5515954688,6.34077951413,1352.47
-75.5633106334,6.34700467448,1366.91
-75.5428451142,6.33561077113,1376.55
-75.5522962458,6.33181670251,1318.47
-75.5430431997,6.3383522903,1372.62
-75.5443271012,6.34255853253,1368.61
-75.5519453774,6.34358850495,1388.79
-75.5471724755,6.33883826563,1383.22